evaluation_timestamp: '2025-05-16 11:59:07'
explained_variance_score: 0.9983967955724055
max_error: 1.3602347008864157
mean_absolute_error: 0.2112201877410861
mean_absolute_percentage_error: 0.008444870609473371
mean_squared_error: 0.07823596585964154
r2_score: 0.99839455048268
root_mean_squared_error: 0.2797069285156189
