evaluation_timestamp: '2025-05-17 04:33:27'
explained_variance_score: 0.9984192602029833
max_error: 1.039042469891541
mean_absolute_error: 0.22170705269144134
mean_absolute_percentage_error: 0.009122918463337454
mean_squared_error: 0.0778635289436366
r2_score: 0.9984021931143068
root_mean_squared_error: 0.2790403715300648
