evaluation_timestamp: '2025-05-16 06:35:44'
explained_variance_score: 0.9925845882586668
max_error: 3.8459637100813353
mean_absolute_error: 0.37558337512106144
mean_absolute_percentage_error: 0.01375684812844963
mean_squared_error: 0.3617431489680827
r2_score: 0.9925768109650931
root_mean_squared_error: 0.6014508699537168
