evaluation_timestamp: '2025-06-01 02:06:31'
explained_variance_score: 0.9062101170310114
max_error: 14.087382146187956
mean_absolute_error: 1.780107886224074
mean_absolute_percentage_error: 0.0982970836869471
mean_squared_error: 6.964393216987765
r2_score: 0.9050315841232117
root_mean_squared_error: 2.6390136826071524
